160431 6657.70275807
160577 1469.3352174
160578 4450.99580674
160871 98452.9064707
160872 22146.9774523
160873 94969.4304092
160874 39127.3376687
160939 139146.585169
160940 84809.6606749
160942 11359.295889
160943 55134.1902953
160955 487213.748818
160956 191650.384176
160957 2387651.19207
160998 640508.634311
161008 180814.420821
161016 624974.407839
161103 371802.852265
161106 89170.389137
161107 97100.0285181
161113 76776.0835393
161116 32912.3814007
161117 74452.6340811
161119 490643.413906
161156 26684.3405295
161176 78802.2831976
161217 3319328.83164
161222 376419.300821
161223 1336765.82482
161233 2728.53389745
161310 419883.775238
161311 2940803.18852
161312 3391418.14024
162762 352538.778928
162765 73959.6243625
162803 406454.526751
162808 252448.758194
162811 1573775.83756
162822 1155128.80412
162825 826095.36959
162826 98659.0798947
162828 334380.296891
162909 1715015.80709
163046 1512610.29091
163069 3707864.46081
163071 976966.914534
163078 128191.497511
163232 251609.078154
163233 1699873.76182
163234 367245.522574
163235 2423738.35627
163237 1014539.21888
163238 19609.2998065
163252 642361.150085
163255 6448595.44724
163261 718984.95503
163270 7576269.84011
163286 1778909.65883
163289 2071235.88005
163296 4866106.04736
163297 1803717.85916
163300 4585415.25561
163301 1299299.16173
163302 1242753.95102
163332 6256853.97593
163333 928534.85627
163334 3561957.44786
163337 3316682.87
163338 1148627.36197
163339 1171637.35763
163340 3092961.21842
163358 201338.542775
163369 944240.355352
163370 1408337.33366
163371 2777376.62016
163372 426740.903673
163374 6294734.24844
163375 61172.499453
163376 1580343.19401
163378 3417249.93992
163385 3007993.53531
163387 1945518.35186
163402 6576924.26984
163475 2711401.00921
163476 1967078.45781
163478 441366.560911
163479 1602667.39095
163480 1616670.25695
163481 619313.004856
163482 220272.237595
163483 356260.023434
163582 242644.553948
163583 2736697.88554
163584 734837.01092
163585 417760.68393
163586 976347.465052
163587 659046.065963
163588 5316205.2577
163589 1773100.62481
163596 244087.597796
163630 1212105.23931
163655 127858.923912
163657 2046199.37055
163658 6015.7797919
163659 9004227.83672
163660 705617.782526
163661 106972.27051
163662 1718137.24217
163663 2504824.33845
163664 1758029.87729
163668 1920450.75143
163738 3917989.49714
163757 547170.571352
163758 7067596.01
163759 5478266.9844
163760 3455073.89523
163761 1966234.16828
163763 736725.701015
163765 2773808.3791
163795 443709.427458
163796 3048373.20982
163817 12592538.365
163869 679821.167737
165088 3666.39836785
165098 24626.0081348
165099 7897.83812129
165102 14709.5289505
165103 41697.9981461
165120 72562.5471481
165121 1935721.52941
165205 1643994.33967
165208 901562.373081
165364 17574243.0696
165402 402829.700303
165415 18619960.5198
165467 11278599.9698
165472 12252512.3049
165486 1363702.35917
165487 2859517.28959
165506 1829481.45444
165514 10765537.8747
165548 8210129.06332
165558 769302.090655
165567 11635283.4191
165570 15612515.326
165617 5839973.08502
165620 123171.132872
165633 9486954.2918
165970 6350351.18394
165993 30719086.6541
166011 1782496.26267
166033 28373548.7822
166034 5866527.83747
166049 15563112.2265
166149 2022.50599745
166150 2633076.06232
166161 2008043.48612
166163 608476.470167
166164 765337.613368
166346 4153168.10845
166374 3611307.78955
166380 33614240.487
166408 26757082.5897
166429 1351036.8878
166438 17572506.1126
166462 8991896.34971
166486 2213976.83752
166502 1378883.01466
166512 36264876.9056
166514 6908380.61584
166530 444691.889667
166554 15509801.2847
166563 10103536.2837
166565 14096224.2319
166699 16952329.6804
166701 11787092.1918
166763 12867708.2371
166781 7617166.36735
166782 11353072.2456
166784 6198349.02792
166787 5728768.71973
166839 5068923.34735
166841 19095714.4451
166842 2731203.19186
166859 8323278.09626
166860 389767.675008
166861 176324.612501
166864 9229641.651
166888 9906420.11708
166889 4850278.65166
166890 8954361.65904
166894 3389837.7178
166895 9752751.68475
166911 958784.946716
166922 17498583.2995
166923 9152620.25077
166946 3986717.65108
166950 28226400.0105
166960 2694275.75207
166966 3756590.6296
166967 3265370.46841
167039 4806378.10328
167041 12959886.0726
167043 3833737.07528
167078 3101823.5949
167098 7984857.9386
167102 7607129.3061
167103 1534437.46812
167151 957603.065469
167281 12740163.0514
167282 8038987.94329
167284 22977215.9302
167551 10560393.3498
167673 5638127.06079
167674 7817855.95988
167675 18161251.9269
167676 7120474.25773
167740 2108518.02741
167746 8060562.15653
167754 962483.000109
167784 414787.319159
167786 3829237.25186
167807 38803037.2942
167830 19080518.9765
167898 36175090.823
167913 7138156.21321
170722 4986113.03717
170826 6439462.24509
170842 7479000.70189
170854 11008164.4391
170876 8116462.94278
170896 3111540.46583
170899 1180267.39873
170901 2475111.59846
171050 15685560.7448
171091 3203534.13159
171098 86597.5192288
171102 401088.405585
171106 6263250.70956
171117 1552399.80579
171156 12532038.9403
171178 20811558.6208
171484 2231123.28807
171578 13866735.6858
171812 12699778.2457
171876 17504253.4398
171880 5093634.63324
171895 16643.687535
171897 7799919.87492
171921 3649801.42906
171926 8730615.12092
172014 9173113.75647
172024 1652622.67266
172033 22401074.5569
172163 16347714.6118
172208 5689003.02682
172252 1018718.54011
172254 1461109.09895
172255 1484464.51265
172268 4968087.22149
172286 6349804.4326
172389 16165456.2567
172399 7042836.44315
172400 23307045.3314
172401 4001691.05452
172411 10866130.2511
172478 2693214.47131
172619 1405483.46767
172620 8672477.81764
172630 5175584.40585
172635 10178676.0523
172778 2015066.95866
172791 50862003.9847
172798 690914.424372
172799 8508693.90116
172801 21532309.7035
172802 12364345.8106
172819 8205370.02636
172822 65649537.3295
172824 987259.485436
172847 3014694.80723
172865 14729632.1658
172868 56486223.4591
172949 43221020.6039
172951 1411198.42224
172952 35180658.4843
172992 13804305.7019
172999 8424793.20873
173198 28381104.8621
173236 4798951.30826
173240 5299864.05287
173241 27479775.5881
173243 2792163.75716
173380 5469240.31939
173381 10272960.5659
173389 23532554.8651
173406 11185599.9537
173430 4187436.88823
173438 1046395.18167
173439 32454845.3518
173657 1304536.4557
173658 4134251.0768
173659 11838554.6172
173660 11542036.7109
173661 3458830.42893
173663 3335106.64572
173664 332425.655248
173692 77950362.9842
